0.000000e+00 0.000000e+00 0.000000e+00 6.250000e-02 2.500000e-01
1.000000e-02 1.000033e-02 -3.200961e-01 6.507731e-02 2.656732e-01
2.000000e-02 2.000267e-02 -6.407701e-01 6.781901e-02 2.827921e-01
3.000000e-02 3.000900e-02 -9.626084e-01 7.074102e-02 3.015207e-01
4.000000e-02 4.002135e-02 -1.286213e+00 7.386113e-02 3.220454e-01
5.000000e-02 5.004173e-02 -1.612213e+00 7.719928e-02 3.445783e-01
6.000000e-02 6.007215e-02 -1.941270e+00 8.077787e-02 3.693605e-01
7.000000e-02 7.011467e-02 -2.274090e+00 8.462208e-02 3.966664e-01
8.000000e-02 8.017132e-02 -2.611436e+00 8.876030e-02 4.268071e-01
9.000000e-02 9.024419e-02 -2.954140e+00 9.322454e-02 4.601356e-01
1.000000e-01 1.003353e-01 -3.303112e+00 9.805096e-02 4.970510e-01
1.100000e-01 1.104469e-01 -3.659362e+00 1.032804e-01 5.380030e-01
1.200000e-01 1.205810e-01 -4.024010e+00 1.089592e-01 5.834962e-01
1.300000e-01 1.307398e-01 -4.398308e+00 1.151393e-01 6.340924e-01
1.400000e-01 1.409256e-01 -4.783656e+00 1.218798e-01 6.904122e-01
1.500000e-01 1.511404e-01 -5.181623e+00 1.292471e-01 7.531332e-01
1.600000e-01 1.613867e-01 -5.593966e+00 1.373155e-01 8.229835e-01
1.700000e-01 1.716667e-01 -6.022647e+00 1.461685e-01 9.007290e-01
1.800000e-01 1.819827e-01 -6.469845e+00 1.558987e-01 9.871523e-01
1.900000e-01 1.923372e-01 -6.937970e+00 1.666083e-01 1.083018e+00
2.000000e-01 2.027325e-01 -7.429653e+00 1.784090e-01 1.189027e+00
2.100000e-01 2.131713e-01 -7.947735e+00 1.914211e-01 1.305742e+00
2.200000e-01 2.236561e-01 -8.495228e+00 2.057721e-01 1.433504e+00
2.300000e-01 2.341895e-01 -9.075252e+00 2.215937e-01 1.572314e+00
2.400000e-01 2.447741e-01 -9.690937e+00 2.390184e-01 1.721696e+00
2.500000e-01 2.554128e-01 -1.034528e+01 2.581730e-01 1.880538e+00
2.600000e-01 2.661084e-01 -1.104095e+01 2.791715e-01 2.046933e+00
2.700000e-01 2.768638e-01 -1.178009e+01 3.021054e-01 2.218024e+00
2.800000e-01 2.876821e-01 -1.256399e+01 3.270325e-01 2.389902e+00
2.900000e-01 2.985663e-01 -1.339279e+01 3.539645e-01 2.557579e+00
3.000000e-01 3.095196e-01 -1.426521e+01 3.828544e-01 2.715086e+00
3.100000e-01 3.205454e-01 -1.517823e+01 4.135853e-01 2.855726e+00
3.200000e-01 3.316471e-01 -1.612690e+01 4.459629e-01 2.972501e+00
3.300000e-01 3.428282e-01 -1.710432e+01 4.797128e-01 3.058697e+00
3.400000e-01 3.540925e-01 -1.810168e+01 5.144843e-01 3.108563e+00
3.500000e-01 3.654437e-01 -1.910860e+01 5.498635e-01 3.117991e+00
3.600000e-01 3.768859e-01 -2.011364e+01 5.853920e-01 3.085070e+00
3.700000e-01 3.884231e-01 -2.110490e+01 6.205928e-01 3.010404e+00
3.800000e-01 4.000596e-01 -2.207071e+01 6.549986e-01 2.897108e+00
3.900000e-01 4.118000e-01 -2.300038e+01 6.881792e-01 2.750489e+00
4.000000e-01 4.236489e-01 -2.388473e+01 7.197650e-01 2.577452e+00
4.100000e-01 4.356112e-01 -2.471654e+01 7.494635e-01 2.385763e+00
4.200000e-01 4.476920e-01 -2.549070e+01 7.770674e-01 2.183294e+00
4.300000e-01 4.598967e-01 -2.620430e+01 8.024551e-01 1.977372e+00
4.400000e-01 4.722308e-01 -2.685640e+01 8.255839e-01 1.774308e+00
4.500000e-01 4.847003e-01 -2.744776e+01 8.464791e-01 1.579125e+00
4.600000e-01 4.973113e-01 -2.798052e+01 8.652197e-01 1.395491e+00
4.700000e-01 5.100703e-01 -2.845783e+01 8.819244e-01 1.225789e+00
4.800000e-01 5.229843e-01 -2.888347e+01 8.967378e-01 1.071284e+00
4.900000e-01 5.360603e-01 -2.926162e+01 9.098187e-01 9.323474e-01
5.000000e-01 5.493061e-01 -2.959657e+01 9.213311e-01 8.086764e-01
5.100000e-01 5.627298e-01 -2.989256e+01 9.314364e-01 6.995024e-01
5.200000e-01 5.763397e-01 -3.015367e+01 9.402890e-01 6.037657e-01
5.300000e-01 5.901451e-01 -3.038371e+01 9.480330e-01 5.202535e-01
5.400000e-01 6.041556e-01 -3.058618e+01 9.548005e-01 4.477018e-01
5.500000e-01 6.183813e-01 -3.076426e+01 9.607104e-01 3.848671e-01
5.600000e-01 6.328332e-01 -3.092083e+01 9.658695e-01 3.305717e-01
5.700000e-01 6.475228e-01 -3.105843e+01 9.703720e-01 2.837308e-01
5.800000e-01 6.624627e-01 -3.117933e+01 9.743010e-01 2.433649e-01
5.900000e-01 6.776660e-01 -3.128553e+01 9.777293e-01 2.086028e-01
6.000000e-01 6.931472e-01 -3.137878e+01 9.807206e-01 1.786782e-01
6.100000e-01 7.089213e-01 -3.146065e+01 9.833303e-01 1.529229e-01
6.200000e-01 7.250051e-01 -3.153247e+01 9.856065e-01 1.307576e-01
6.300000e-01 7.414161e-01 -3.159546e+01 9.875914e-01 1.116828e-01
6.400000e-01 7.581737e-01 -3.165066e+01 9.893215e-01 9.526829e-02
6.500000e-01 7.752987e-01 -3.169899e+01 9.908286e-01 8.114498e-02
6.600000e-01 7.928136e-01 -3.174125e+01 9.921403e-01 6.899604e-02
6.700000e-01 8.107431e-01 -3.177817e+01 9.932810e-01 5.854975e-02
6.800000e-01 8.291140e-01 -3.181037e+01 9.942717e-01 4.957287e-02
6.900000e-01 8.479557e-01 -3.183841e+01 9.951310e-01 4.186509e-02
7.000000e-01 8.673005e-01 -3.186278e+01 9.958750e-01 3.525409e-02
7.100000e-01 8.871838e-01 -3.188392e+01 9.965180e-01 2.959148e-02
7.200000e-01 9.076449e-01 -3.190220e+01 9.970724e-01 2.474923e-02
7.300000e-01 9.287273e-01 -3.191797e+01 9.975492e-01 2.061668e-02
7.400000e-01 9.504793e-01 -3.193154e+01 9.979581e-01 1.709805e-02
7.500000e-01 9.729550e-01 -3.194317e+01 9.983077e-01 1.411027e-02
7.600000e-01 9.962150e-01 -3.195309e+01 9.986055e-01 1.158121e-02
7.700000e-01 1.020328e+00 -3.196154e+01 9.988582e-01 9.448112e-03
7.800000e-01 1.045371e+00 -3.196868e+01 9.990715e-01 7.656353e-03
7.900000e-01 1.071432e+00 -3.197470e+01 9.992508e-01 6.158307e-03
8.000000e-01 1.098612e+00 -3.197973e+01 9.994006e-01 4.912428e-03
8.100000e-01 1.127029e+00 -3.198392e+01 9.995250e-01 3.882457e-03
8.200000e-01 1.156817e+00 -3.198738e+01 9.996275e-01 3.036746e-03
8.300000e-01 1.188136e+00 -3.199021e+01 9.997114e-01 2.347671e-03
8.400000e-01 1.221173e+00 -3.199251e+01 9.997793e-01 1.791140e-03
8.500000e-01 1.256153e+00 -3.199436e+01 9.998338e-01 1.346158e-03
8.600000e-01 1.293345e+00 -3.199582e+01 9.998770e-01 9.944614e-04
8.700000e-01 1.333080e+00 -3.199697e+01 9.999108e-01 7.201899e-04
8.800000e-01 1.375768e+00 -3.199785e+01 9.999368e-01 5.096130e-04
8.900000e-01 1.421926e+00 -3.199852e+01 9.999564e-01 3.508841e-04
9.000000e-01 1.472219e+00 -3.199901e+01 9.999709e-01 2.338286e-04
9.100000e-01 1.527524e+00 -3.199936e+01 9.999814e-01 1.497588e-04
9.200000e-01 1.589027e+00 -3.199961e+01 9.999886e-01 9.131034e-05
9.300000e-01 1.658390e+00 -3.199978e+01 9.999935e-01 5.229931e-05
9.400000e-01 1.738049e+00 -3.199988e+01 9.999966e-01 2.759641e-05
9.500000e-01 1.831781e+00 -3.199994e+01 9.999984e-01 1.301564e-05
9.600000e-01 1.945910e+00 -3.199998e+01 9.999993e-01 5.216173e-06
9.700000e-01 2.092295e+00 -3.199999e+01 9.999998e-01 1.615500e-06
9.800000e-01 2.297559e+00 -3.200000e+01 1.000000e+00 3.124870e-07
9.900000e-01 2.646651e+00 -3.200000e+01 1.000000e+00 1.913246e-08
