0.000000e+00 0.000000e+00 0.000000e+00 4.000000e-02 1.600000e-01
1.000000e-02 1.000033e-02 -5.001005e-01 4.164948e-02 1.700316e-01
2.000000e-02 2.000267e-02 -1.000809e+00 4.340420e-02 1.809929e-01
3.000000e-02 3.000900e-02 -1.502746e+00 4.527441e-02 1.929948e-01
4.000000e-02 4.002135e-02 -2.006554e+00 4.727164e-02 2.061647e-01
5.000000e-02 5.004173e-02 -2.512897e+00 4.940891e-02 2.206495e-01
6.000000e-02 6.007215e-02 -3.022470e+00 5.170090e-02 2.366190e-01
7.000000e-02 7.011467e-02 -3.536005e+00 5.416430e-02 2.542697e-01
8.000000e-02 8.017132e-02 -4.054285e+00 5.681808e-02 2.738303e-01
9.000000e-02 9.024419e-02 -4.578146e+00 5.968389e-02 2.955669e-01
1.000000e-01 1.003353e-01 -5.108502e+00 6.278653e-02 3.197902e-01
1.100000e-01 1.104469e-01 -5.646350e+00 6.615447e-02 3.468638e-01
1.200000e-01 1.205810e-01 -6.192800e+00 6.982050e-02 3.772132e-01
1.300000e-01 1.307398e-01 -6.749091e+00 7.382252e-02 4.113377e-01
1.400000e-01 1.409256e-01 -7.316623e+00 7.820441e-02 4.498227e-01
1.500000e-01 1.511404e-01 -7.896989e+00 8.301711e-02 4.933546e-01
1.600000e-01 1.613867e-01 -8.492016e+00 8.831990e-02 5.427367e-01
1.700000e-01 1.716667e-01 -9.103812e+00 9.418183e-02 5.989059e-01
1.800000e-01 1.819827e-01 -9.734819e+00 1.006834e-01 6.629494e-01
1.900000e-01 1.923372e-01 -1.038788e+01 1.079185e-01 7.361190e-01
2.000000e-01 2.027325e-01 -1.106628e+01 1.159964e-01 8.198395e-01
2.100000e-01 2.131713e-01 -1.177389e+01 1.250439e-01 9.157057e-01
2.200000e-01 2.236561e-01 -1.251513e+01 1.352078e-01 1.025461e+00
2.300000e-01 2.341895e-01 -1.329513e+01 1.466561e-01 1.150945e+00
2.400000e-01 2.447741e-01 -1.411973e+01 1.595799e-01 1.293996e+00
2.500000e-01 2.554128e-01 -1.499547e+01 1.741926e-01 1.456288e+00
2.600000e-01 2.661084e-01 -1.592955e+01 1.907283e-01 1.639085e+00
2.700000e-01 2.768638e-01 -1.692960e+01 2.094356e-01 1.842885e+00
2.800000e-01 2.876821e-01 -1.800344e+01 2.305682e-01 2.066959e+00
2.900000e-01 2.985663e-01 -1.915847e+01 2.543684e-01 2.308788e+00
3.000000e-01 3.095196e-01 -2.040099e+01 2.810450e-01 2.563469e+00
3.100000e-01 3.205454e-01 -2.173516e+01 3.107426e-01 2.823195e+00
3.200000e-01 3.316471e-01 -2.316188e+01 3.435068e-01 3.077008e+00
3.300000e-01 3.428282e-01 -2.467752e+01 3.792469e-01 3.311045e+00
3.400000e-01 3.540925e-01 -2.627288e+01 4.177036e-01 3.509490e+00
3.500000e-01 3.654437e-01 -2.793258e+01 4.584309e-01 3.656297e+00
3.600000e-01 3.768859e-01 -2.963519e+01 5.008001e-01 3.737523e+00
3.700000e-01 3.884231e-01 -3.135432e+01 5.440316e-01 3.743796e+00
3.800000e-01 4.000596e-01 -3.306054e+01 5.872542e-01 3.672244e+00
3.900000e-01 4.118000e-01 -3.472407e+01 6.295830e-01 3.527280e+00
4.000000e-01 4.236489e-01 -3.631743e+01 6.702014e-01 3.319921e+00
4.100000e-01 4.356112e-01 -3.781785e+01 7.084310e-01 3.065841e+00
4.200000e-01 4.476920e-01 -3.920874e+01 7.437762e-01 2.782746e+00
4.300000e-01 4.598967e-01 -4.048023e+01 7.759397e-01 2.487800e+00
4.400000e-01 4.722308e-01 -4.162873e+01 8.048105e-01 2.195685e+00
4.500000e-01 4.847003e-01 -4.265599e+01 8.304331e-01 1.917543e+00
4.600000e-01 4.973113e-01 -4.356767e+01 8.529679e-01 1.660764e+00
4.700000e-01 5.100703e-01 -4.437206e+01 8.726504e-01 1.429367e+00
4.800000e-01 5.229843e-01 -4.507882e+01 8.897561e-01 1.224698e+00
4.900000e-01 5.360603e-01 -4.569811e+01 9.045731e-01 1.046207e+00
5.000000e-01 5.493061e-01 -4.623989e+01 9.173827e-01 8.921488e-01
5.100000e-01 5.627298e-01 -4.671354e+01 9.284474e-01 7.601440e-01
5.200000e-01 5.763397e-01 -4.712758e+01 9.380046e-01 6.475751e-01
5.300000e-01 5.901451e-01 -4.748967e+01 9.462643e-01 5.518498e-01
5.400000e-01 6.041556e-01 -4.780650e+01 9.534095e-01 4.705520e-01
5.500000e-01 6.183813e-01 -4.808395e+01 9.595978e-01 4.015169e-01
5.600000e-01 6.328332e-01 -4.832709e+01 9.649640e-01 3.428556e-01
5.700000e-01 6.475228e-01 -4.854031e+01 9.696230e-01 2.929492e-01
5.800000e-01 6.624627e-01 -4.872740e+01 9.736726e-01 2.504264e-01
5.900000e-01 6.776660e-01 -4.889162e+01 9.771960e-01 2.141351e-01
6.000000e-01 6.931472e-01 -4.903580e+01 9.802640e-01 1.831109e-01
6.100000e-01 7.089213e-01 -4.916240e+01 9.829368e-01 1.565483e-01
6.200000e-01 7.250051e-01 -4.927353e+01 9.852663e-01 1.337747e-01
6.300000e-01 7.414161e-01 -4.937104e+01 9.872967e-01 1.142274e-01
6.400000e-01 7.581737e-01 -4.945656e+01 9.890661e-01 9.743484e-02
6.500000e-01 7.752987e-01 -4.953149e+01 9.906075e-01 8.300036e-02
6.600000e-01 7.928136e-01 -4.959707e+01 9.919494e-01 7.058938e-02
6.700000e-01 8.107431e-01 -4.965441e+01 9.931166e-01 5.991856e-02
6.800000e-01 8.291140e-01 -4.970446e+01 9.941306e-01 5.074707e-02
6.900000e-01 8.479557e-01 -4.974807e+01 9.950103e-01 4.286948e-02
7.000000e-01 8.673005e-01 -4.978600e+01 9.957723e-01 3.610993e-02
7.100000e-01 8.871838e-01 -4.981891e+01 9.964309e-01 3.031738e-02
7.200000e-01 9.076449e-01 -4.984739e+01 9.969990e-01 2.536171e-02
7.300000e-01 9.287273e-01 -4.987197e+01 9.974877e-01 2.113054e-02
7.400000e-01 9.504793e-01 -4.989313e+01 9.979068e-01 1.752655e-02
7.500000e-01 9.729550e-01 -4.991126e+01 9.982652e-01 1.446528e-02
7.600000e-01 9.962150e-01 -4.992676e+01 9.985705e-01 1.187332e-02
7.700000e-01 1.020328e+00 -4.993993e+01 9.988295e-01 9.686717e-03
7.800000e-01 1.045371e+00 -4.995109e+01 9.990483e-01 7.849733e-03
7.900000e-01 1.071432e+00 -4.996048e+01 9.992321e-01 6.313722e-03
8.000000e-01 1.098612e+00 -4.996834e+01 9.993857e-01 5.036202e-03
8.100000e-01 1.127029e+00 -4.997489e+01 9.995132e-01 3.980061e-03
8.200000e-01 1.156817e+00 -4.998029e+01 9.996183e-01 3.112881e-03
8.300000e-01 1.188136e+00 -4.998471e+01 9.997043e-01 2.406346e-03
8.400000e-01 1.221173e+00 -4.998830e+01 9.997739e-01 1.835754e-03
8.500000e-01 1.256153e+00 -4.999118e+01 9.998298e-01 1.379571e-03
8.600000e-01 1.293345e+00 -4.999347e+01 9.998740e-01 1.019055e-03
8.700000e-01 1.333080e+00 -4.999526e+01 9.999086e-01 7.379365e-04
8.800000e-01 1.375768e+00 -4.999664e+01 9.999352e-01 5.221264e-04
8.900000e-01 1.421926e+00 -4.999768e+01 9.999554e-01 3.594707e-04
9.000000e-01 1.472219e+00 -4.999845e+01 9.999702e-01 2.395324e-04
9.100000e-01 1.527524e+00 -4.999901e+01 9.999809e-01 1.534011e-04
9.200000e-01 1.589027e+00 -4.999939e+01 9.999883e-01 9.352499e-05
9.300000e-01 1.658390e+00 -4.999965e+01 9.999933e-01 5.356467e-05
9.400000e-01 1.738049e+00 -4.999982e+01 9.999965e-01 2.826268e-05
9.500000e-01 1.831781e+00 -4.999991e+01 9.999983e-01 1.332931e-05
9.600000e-01 1.945910e+00 -4.999997e+01 9.999993e-01 5.341694e-06
9.700000e-01 2.092295e+00 -4.999999e+01 9.999998e-01 1.654331e-06
9.800000e-01 2.297559e+00 -5.000000e+01 1.000000e+00 3.199915e-07
9.900000e-01 2.646651e+00 -5.000000e+01 1.000000e+00 1.959192e-08
