0.000000e+00 0.000000e+00 0.000000e+00 6.250000e-02 5.000000e-01
1.000000e-02 1.000033e-02 -1.281412e+00 6.781845e-02 5.655771e-01
2.000000e-02 2.000267e-02 -2.571388e+00 7.385597e-02 6.440220e-01
3.000000e-02 3.000900e-02 -3.878970e+00 8.075788e-02 7.384407e-01
4.000000e-02 4.002135e-02 -5.214187e+00 8.870543e-02 8.528052e-01
5.000000e-02 5.004173e-02 -6.588652e+00 9.792588e-02 9.921666e-01
6.000000e-02 6.007215e-02 -8.016249e+00 1.087048e-01 1.162874e+00
7.000000e-02 7.011467e-02 -9.513934e+00 1.214006e-01 1.372744e+00
8.000000e-02 8.017132e-02 -1.110260e+01 1.364602e-01 1.631057e+00
9.000000e-02 9.024419e-02 -1.280787e+01 1.544333e-01 1.948173e+00
1.000000e-01 1.003353e-01 -1.466057e+01 1.759800e-01 2.334400e+00
1.100000e-01 1.104469e-01 -1.669641e+01 2.018604e-01 2.797644e+00
1.200000e-01 1.205810e-01 -1.895396e+01 2.328938e-01 3.339338e+00
1.300000e-01 1.307398e-01 -2.147026e+01 2.698653e-01 3.948534e+00
1.400000e-01 1.409256e-01 -2.427291e+01 3.133659e-01 4.595136e+00
1.500000e-01 1.511404e-01 -2.736901e+01 3.635675e-01 5.225147e+00
1.600000e-01 1.613867e-01 -3.073295e+01 4.199765e-01 5.762738e+00
1.700000e-01 1.716667e-01 -3.429769e+01 4.812584e-01 6.123519e+00
1.800000e-01 1.819827e-01 -3.795553e+01 5.452530e-01 6.238286e+00
1.900000e-01 1.923372e-01 -4.157193e+01 6.092526e-01 6.078051e+00
2.000000e-01 2.027325e-01 -4.500975e+01 6.704890e-01 5.666380e+00
2.100000e-01 2.131713e-01 -4.815512e+01 7.266517e-01 5.070942e+00
2.200000e-01 2.236561e-01 -5.093478e+01 7.762370e-01 4.379433e+00
2.300000e-01 2.341895e-01 -5.332016e+01 8.186293e-01 3.673706e+00
2.400000e-01 2.447741e-01 -5.532015e+01 8.539583e-01 3.013515e+00
2.500000e-01 2.554128e-01 -5.696851e+01 8.828466e-01 2.432544e+00
2.600000e-01 2.661084e-01 -5.831126e+01 9.061607e-01 1.942798e+00
2.700000e-01 2.768638e-01 -5.939723e+01 9.248227e-01 1.541991e+00
2.800000e-01 2.876821e-01 -6.027230e+01 9.396969e-01 1.220329e+00
2.900000e-01 2.985663e-01 -6.097661e+01 9.515351e-01 9.652859e-01
3.000000e-01 3.095196e-01 -6.154379e+01 9.609628e-01 7.643965e-01
3.100000e-01 3.205454e-01 -6.200128e+01 9.684849e-01 6.065875e-01
3.200000e-01 3.316471e-01 -6.237111e+01 9.745025e-01 4.826184e-01
3.300000e-01 3.428282e-01 -6.267078e+01 9.793310e-01 3.850583e-01
3.400000e-01 3.540925e-01 -6.291418e+01 9.832173e-01 3.080616e-01
3.500000e-01 3.654437e-01 -6.311232e+01 9.863543e-01 2.470858e-01
3.600000e-01 3.768859e-01 -6.327394e+01 9.888933e-01 1.986231e-01
3.700000e-01 3.884231e-01 -6.340599e+01 9.909532e-01 1.599688e-01
3.800000e-01 4.000596e-01 -6.351402e+01 9.926278e-01 1.290351e-01
3.900000e-01 4.118000e-01 -6.360250e+01 9.939915e-01 1.042056e-01
4.000000e-01 4.236489e-01 -6.367502e+01 9.951034e-01 8.422339e-02
4.100000e-01 4.356112e-01 -6.373449e+01 9.960109e-01 6.810643e-02
4.200000e-01 4.476920e-01 -6.378326e+01 9.967521e-01 5.508330e-02
4.300000e-01 4.598967e-01 -6.382327e+01 9.973577e-01 4.454502e-02
4.400000e-01 4.722308e-01 -6.385606e+01 9.978525e-01 3.600845e-02
4.500000e-01 4.847003e-01 -6.388294e+01 9.982568e-01 2.908849e-02
4.600000e-01 4.973113e-01 -6.390495e+01 9.985870e-01 2.347689e-02
4.700000e-01 5.100703e-01 -6.392296e+01 9.988564e-01 1.892601e-02
4.800000e-01 5.229843e-01 -6.393767e+01 9.990761e-01 1.523621e-02
4.900000e-01 5.360603e-01 -6.394968e+01 9.992551e-01 1.224609e-02
5.000000e-01 5.493061e-01 -6.395947e+01 9.994006e-01 9.824854e-03
5.100000e-01 5.627298e-01 -6.396743e+01 9.995189e-01 7.866288e-03
5.200000e-01 5.763397e-01 -6.397390e+01 9.996148e-01 6.283998e-03
5.300000e-01 5.901451e-01 -6.397914e+01 9.996924e-01 5.007627e-03
5.400000e-01 6.041556e-01 -6.398338e+01 9.997550e-01 3.979825e-03
5.500000e-01 6.183813e-01 -6.398680e+01 9.998056e-01 3.153818e-03
5.600000e-01 6.328332e-01 -6.398955e+01 9.998462e-01 2.491453e-03
5.700000e-01 6.475228e-01 -6.399175e+01 9.998787e-01 1.961604e-03
5.800000e-01 6.624627e-01 -6.399352e+01 9.999047e-01 1.538893e-03
5.900000e-01 6.776660e-01 -6.399493e+01 9.999255e-01 1.202640e-03
6.000000e-01 6.931472e-01 -6.399605e+01 9.999419e-01 9.360062e-04
6.100000e-01 7.089213e-01 -6.399693e+01 9.999550e-01 7.253007e-04
6.200000e-01 7.250051e-01 -6.399763e+01 9.999652e-01 5.594057e-04
6.300000e-01 7.414161e-01 -6.399818e+01 9.999733e-01 4.293094e-04
6.400000e-01 7.581737e-01 -6.399861e+01 9.999796e-01 3.277216e-04
6.500000e-01 7.752987e-01 -6.399894e+01 9.999845e-01 2.487577e-04
6.600000e-01 7.928136e-01 -6.399920e+01 9.999883e-01 1.876807e-04
6.700000e-01 8.107431e-01 -6.399940e+01 9.999912e-01 1.406875e-04
6.800000e-01 8.291140e-01 -6.399955e+01 9.999935e-01 1.047346e-04
6.900000e-01 8.479557e-01 -6.399967e+01 9.999952e-01 7.739513e-05
7.000000e-01 8.673005e-01 -6.399976e+01 9.999965e-01 5.674076e-05
7.100000e-01 8.871838e-01 -6.399982e+01 9.999974e-01 4.124612e-05
7.200000e-01 9.076449e-01 -6.399987e+01 9.999981e-01 2.970978e-05
7.300000e-01 9.287273e-01 -6.399991e+01 9.999987e-01 2.119036e-05
7.400000e-01 9.504793e-01 -6.399994e+01 9.999991e-01 1.495404e-05
7.500000e-01 9.729550e-01 -6.399996e+01 9.999993e-01 1.043233e-05
7.600000e-01 9.962150e-01 -6.399997e+01 9.999996e-01 7.187566e-06
7.700000e-01 1.020328e+00 -6.399998e+01 9.999997e-01 4.885198e-06
7.800000e-01 1.045371e+00 -6.399999e+01 9.999998e-01 3.271453e-06
7.900000e-01 1.071432e+00 -6.399999e+01 9.999999e-01 2.155473e-06
8.000000e-01 1.098612e+00 -6.399999e+01 9.999999e-01 1.395025e-06
8.100000e-01 1.127029e+00 -6.400000e+01 9.999999e-01 8.852101e-07
8.200000e-01 1.156817e+00 -6.400000e+01 1.000000e+00 5.495340e-07
8.300000e-01 1.188136e+00 -6.400000e+01 1.000000e+00 3.329012e-07
8.400000e-01 1.221173e+00 -6.400000e+01 1.000000e+00 1.962041e-07
8.500000e-01 1.256153e+00 -6.400000e+01 1.000000e+00 1.121023e-07
8.600000e-01 1.293345e+00 -6.400000e+01 1.000000e+00 6.182334e-08
8.700000e-01 1.333080e+00 -6.400000e+01 1.000000e+00 3.273568e-08
8.800000e-01 1.375768e+00 -6.400000e+01 1.000000e+00 1.653373e-08
8.900000e-01 1.421926e+00 -6.400000e+01 1.000000e+00 7.899956e-09
9.000000e-01 1.472219e+00 -6.400000e+01 1.000000e+00 3.533103e-09
9.100000e-01 1.527524e+00 -6.400000e+01 1.000000e+00 1.458631e-09
9.200000e-01 1.589027e+00 -6.400000e+01 1.000000e+00 5.451568e-10
9.300000e-01 1.658390e+00 -6.400000e+01 1.000000e+00 1.797389e-10
9.400000e-01 1.738049e+00 -6.400000e+01 1.000000e+00 5.043432e-11
9.500000e-01 1.831781e+00 -6.400000e+01 1.000000e+00 1.140421e-11
9.600000e-01 1.945910e+00 -6.400000e+01 1.000000e+00 1.861622e-12
9.700000e-01 2.092295e+00 -6.400000e+01 1.000000e+00 3.907985e-13
9.800000e-01 2.297559e+00 -6.400000e+01 1.000000e+00 2.060574e-13
9.900000e-01 2.646651e+00 -6.400000e+01 1.000000e+00 0.000000e+00
