0.000000e+00 0.000000e+00 0.000000e+00 3.703704e-02 2.222222e-01
1.000000e-02 1.000033e-02 -8.184399e-01 3.937596e-02 2.461242e-01
2.000000e-02 2.000267e-02 -1.655258e+00 4.197292e-02 2.738435e-01
3.000000e-02 3.000900e-02 -2.513050e+00 4.487072e-02 3.061975e-01
4.000000e-02 4.002135e-02 -3.394970e+00 4.812162e-02 3.442203e-01
5.000000e-02 5.004173e-02 -4.304870e+00 5.178990e-02 3.892292e-01
6.000000e-02 6.007215e-02 -5.247499e+00 5.595525e-02 4.429145e-01
7.000000e-02 7.011467e-02 -6.228765e+00 6.071722e-02 5.074570e-01
8.000000e-02 8.017132e-02 -7.256094e+00 6.620113e-02 5.856848e-01
9.000000e-02 9.024419e-02 -8.338910e+00 7.256583e-02 6.812744e-01
1.000000e-01 1.003353e-01 -9.489271e+00 8.001391e-02 7.990031e-01
1.100000e-01 1.104469e-01 -1.072270e+01 8.880482e-02 9.450480e-01
1.200000e-01 1.205810e-01 -1.205922e+01 9.927146e-02 1.127299e+00
1.300000e-01 1.307398e-01 -1.352464e+01 1.118399e-01 1.355603e+00
1.400000e-01 1.409256e-01 -1.515193e+01 1.270512e-01 1.641749e+00
1.500000e-01 1.511404e-01 -1.698248e+01 1.455800e-01 1.998834e+00
1.600000e-01 1.613867e-01 -1.906656e+01 1.682430e-01 2.439394e+00
1.700000e-01 1.716667e-01 -2.146210e+01 1.959769e-01 2.971471e+00
1.800000e-01 1.819827e-01 -2.422981e+01 2.297628e-01 3.591854e+00
1.900000e-01 1.923372e-01 -2.742299e+01 2.704648e-01 4.276749e+00
2.000000e-01 2.027325e-01 -3.107061e+01 3.185660e-01 4.972743e+00
2.100000e-01 2.131713e-01 -3.515591e+01 3.738326e-01 5.594765e+00
2.200000e-01 2.236561e-01 -3.959777e+01 4.350252e-01 6.039504e+00
2.300000e-01 2.341895e-01 -4.424680e+01 4.998385e-01 6.216690e+00
2.400000e-01 2.447741e-01 -4.890549e+01 5.652176e-01 6.085942e+00
2.500000e-01 2.554128e-01 -5.336923e+01 6.279978e-01 5.675918e+00
2.600000e-01 2.661084e-01 -5.747080e+01 6.855956e-01 5.071309e+00
2.700000e-01 2.768638e-01 -6.110809e+01 7.364380e-01 4.377111e+00
2.800000e-01 2.876821e-01 -6.424709e+01 7.800043e-01 3.683925e+00
2.900000e-01 2.985663e-01 -6.690612e+01 8.165792e-01 3.050558e+00
3.000000e-01 3.095196e-01 -6.913408e+01 8.469130e-01 2.504157e+00
3.100000e-01 3.205454e-01 -7.099171e+01 8.719312e-01 2.049330e+00
3.200000e-01 3.316471e-01 -7.253946e+01 8.925484e-01 1.678320e+00
3.300000e-01 3.428282e-01 -7.383143e+01 9.095757e-01 1.378517e+00
3.400000e-01 3.540925e-01 -7.491336e+01 9.236919e-01 1.136783e+00
3.500000e-01 3.654437e-01 -7.582274e+01 9.354466e-01 9.414286e-01
3.600000e-01 3.768859e-01 -7.658985e+01 9.452788e-01 7.828103e-01
3.700000e-01 3.884231e-01 -7.723912e+01 9.535371e-01 6.532787e-01
3.800000e-01 4.000596e-01 -7.779024e+01 9.604991e-01 5.468733e-01
3.900000e-01 4.118000e-01 -7.825918e+01 9.663866e-01 4.589764e-01
4.000000e-01 4.236489e-01 -7.865899e+01 9.713788e-01 3.860049e-01
4.100000e-01 4.356112e-01 -7.900040e+01 9.756209e-01 3.251606e-01
4.200000e-01 4.476920e-01 -7.929232e+01 9.792319e-01 2.742395e-01
4.300000e-01 4.598967e-01 -7.954214e+01 9.823101e-01 2.314917e-01
4.400000e-01 4.722308e-01 -7.975607e+01 9.849367e-01 1.955128e-01
4.500000e-01 4.847003e-01 -7.993936e+01 9.871798e-01 1.651683e-01
4.600000e-01 4.973113e-01 -8.009641e+01 9.890963e-01 1.395326e-01
4.700000e-01 5.100703e-01 -8.023098e+01 9.907341e-01 1.178474e-01
4.800000e-01 5.229843e-01 -8.034627e+01 9.921339e-01 9.948602e-02
4.900000e-01 5.360603e-01 -8.044499e+01 9.933300e-01 8.392861e-02
5.000000e-01 5.493061e-01 -8.052949e+01 9.943518e-01 7.074178e-02
5.100000e-01 5.627298e-01 -8.060176e+01 9.952242e-01 5.956282e-02
5.200000e-01 5.763397e-01 -8.066351e+01 9.959684e-01 5.008693e-02
5.300000e-01 5.901451e-01 -8.071622e+01 9.966028e-01 4.205725e-02
5.400000e-01 6.041556e-01 -8.076116e+01 9.971429e-01 3.525684e-02
5.500000e-01 6.183813e-01 -8.079943e+01 9.976023e-01 2.950182e-02
5.600000e-01 6.328332e-01 -8.083196e+01 9.979924e-01 2.463624e-02
5.700000e-01 6.475228e-01 -8.085957e+01 9.983232e-01 2.052744e-02
5.800000e-01 6.624627e-01 -8.088296e+01 9.986032e-01 1.706251e-02
5.900000e-01 6.776660e-01 -8.090274e+01 9.988397e-01 1.414520e-02
6.000000e-01 6.931472e-01 -8.091942e+01 9.990391e-01 1.169337e-02
6.100000e-01 7.089213e-01 -8.093346e+01 9.992068e-01 9.636899e-03
6.200000e-01 7.250051e-01 -8.094524e+01 9.993475e-01 7.915893e-03
6.300000e-01 7.414161e-01 -8.095511e+01 9.994652e-01 6.479176e-03
6.400000e-01 7.581737e-01 -8.096335e+01 9.995635e-01 5.283027e-03
6.500000e-01 7.752987e-01 -8.097020e+01 9.996451e-01 4.290103e-03
6.600000e-01 7.928136e-01 -8.097588e+01 9.997128e-01 3.468525e-03
6.700000e-01 8.107431e-01 -8.098057e+01 9.997687e-01 2.791095e-03
6.800000e-01 8.291140e-01 -8.098443e+01 9.998147e-01 2.234639e-03
6.900000e-01 8.479557e-01 -8.098759e+01 9.998523e-01 1.779426e-03
7.000000e-01 8.673005e-01 -8.099017e+01 9.998830e-01 1.408692e-03
7.100000e-01 8.871838e-01 -8.099226e+01 9.999079e-01 1.108211e-03
7.200000e-01 9.076449e-01 -8.099395e+01 9.999280e-01 8.659382e-04
7.300000e-01 9.287273e-01 -8.099530e+01 9.999441e-01 6.717016e-04
7.400000e-01 9.504793e-01 -8.099638e+01 9.999570e-01 5.169308e-04
7.500000e-01 9.729550e-01 -8.099724e+01 9.999672e-01 3.944277e-04
7.600000e-01 9.962150e-01 -8.099791e+01 9.999752e-01 2.981674e-04
7.700000e-01 1.020328e+00 -8.099844e+01 9.999814e-01 2.231256e-04
7.800000e-01 1.045371e+00 -8.099884e+01 9.999863e-01 1.651303e-04
7.900000e-01 1.071432e+00 -8.099915e+01 9.999899e-01 1.207338e-04
8.000000e-01 1.098612e+00 -8.099939e+01 9.999927e-01 8.710129e-05
8.100000e-01 1.127029e+00 -8.099957e+01 9.999948e-01 6.191596e-05
8.200000e-01 1.156817e+00 -8.099970e+01 9.999964e-01 4.329656e-05
8.300000e-01 1.188136e+00 -8.099979e+01 9.999975e-01 2.972668e-05
8.400000e-01 1.221173e+00 -8.099986e+01 9.999983e-01 1.999406e-05
8.500000e-01 1.256153e+00 -8.099991e+01 9.999989e-01 1.313855e-05
8.600000e-01 1.293345e+00 -8.099994e+01 9.999993e-01 8.407653e-06
8.700000e-01 1.333080e+00 -8.099996e+01 9.999996e-01 5.218657e-06
8.800000e-01 1.375768e+00 -8.099998e+01 9.999997e-01 3.126514e-06
8.900000e-01 1.421926e+00 -8.099999e+01 9.999999e-01 1.796734e-06
9.000000e-01 1.472219e+00 -8.099999e+01 9.999999e-01 9.825632e-07
9.100000e-01 1.527524e+00 -8.100000e+01 1.000000e+00 5.059700e-07
9.200000e-01 1.589027e+00 -8.100000e+01 1.000000e+00 2.418788e-07
9.300000e-01 1.658390e+00 -8.100000e+01 1.000000e+00 1.052218e-07
9.400000e-01 1.738049e+00 -8.100000e+01 1.000000e+00 4.045314e-08
9.500000e-01 1.831781e+00 -8.100000e+01 1.000000e+00 1.313633e-08
9.600000e-01 1.945910e+00 -8.100000e+01 1.000000e+00 3.339437e-09
9.700000e-01 2.092295e+00 -8.100000e+01 1.000000e+00 5.763354e-10
9.800000e-01 2.297559e+00 -8.100000e+01 1.000000e+00 4.932588e-11
9.900000e-01 2.646651e+00 -8.100000e+01 1.000000e+00 6.821210e-13
