0.000000e+00 0.000000e+00 0.000000e+00 1.250000e-01 7.500000e-01
1.000000e-02 1.000033e-02 -4.803363e-01 1.328116e-01 8.134166e-01
2.000000e-02 2.000267e-02 -9.626991e-01 1.412950e-01 8.841525e-01
3.000000e-02 3.000900e-02 -1.449156e+00 1.505294e-01 9.629729e-01
4.000000e-02 4.002135e-02 -1.941852e+00 1.606024e-01 1.050673e+00
5.000000e-02 5.004173e-02 -2.443044e+00 1.716101e-01 1.148044e+00
6.000000e-02 6.007215e-02 -2.955117e+00 1.836571e-01 1.255822e+00
7.000000e-02 7.011467e-02 -3.480591e+00 1.968559e-01 1.374622e+00
8.000000e-02 8.017132e-02 -4.022108e+00 2.113253e-01 1.504845e+00
9.000000e-02 9.024419e-02 -4.582392e+00 2.271878e-01 1.646569e+00
1.000000e-01 1.003353e-01 -5.164181e+00 2.445660e-01 1.799419e+00
1.100000e-01 1.104469e-01 -5.770122e+00 2.635774e-01 1.962416e+00
1.200000e-01 1.205810e-01 -6.402635e+00 2.843275e-01 2.133827e+00
1.300000e-01 1.307398e-01 -7.063738e+00 3.069016e-01 2.311031e+00
1.400000e-01 1.409256e-01 -7.754836e+00 3.313551e-01 2.490422e+00
1.500000e-01 1.511404e-01 -8.476499e+00 3.577029e-01 2.667375e+00
1.600000e-01 1.613867e-01 -9.228229e+00 3.859090e-01 2.836322e+00
1.700000e-01 1.716667e-01 -1.000826e+01 4.158766e-01 2.990950e+00
1.800000e-01 1.819827e-01 -1.081339e+01 4.474419e-01 3.124549e+00
1.900000e-01 1.923372e-01 -1.163894e+01 4.803703e-01 3.230480e+00
2.000000e-01 2.027325e-01 -1.247878e+01 5.143598e-01 3.302750e+00
2.100000e-01 2.131713e-01 -1.332551e+01 5.490483e-01 3.336605e+00
2.200000e-01 2.236561e-01 -1.417077e+01 5.840292e-01 3.329059e+00
2.300000e-01 2.341895e-01 -1.500566e+01 6.188697e-01 3.279270e+00
2.400000e-01 2.447741e-01 -1.582121e+01 6.531345e-01 3.188684e+00
2.500000e-01 2.554128e-01 -1.660890e+01 6.864086e-01 3.060917e+00
2.600000e-01 2.661084e-01 -1.736109e+01 7.183185e-01 2.901403e+00
2.700000e-01 2.768638e-01 -1.807141e+01 7.485501e-01 2.716847e+00
2.800000e-01 2.876821e-01 -1.873500e+01 7.768592e-01 2.514605e+00
2.900000e-01 2.985663e-01 -1.934859e+01 8.030768e-01 2.302062e+00
3.000000e-01 3.095196e-01 -1.991051e+01 8.271083e-01 2.086104e+00
3.100000e-01 3.205454e-01 -2.042054e+01 8.489268e-01 1.872730e+00
3.200000e-01 3.316471e-01 -2.087969e+01 8.685642e-01 1.666830e+00
3.300000e-01 3.428282e-01 -2.128998e+01 8.860995e-01 1.472096e+00
3.400000e-01 3.540925e-01 -2.165417e+01 9.016470e-01 1.291070e+00
3.500000e-01 3.654437e-01 -2.197553e+01 9.153451e-01 1.125258e+00
3.600000e-01 3.768859e-01 -2.225760e+01 9.273462e-01 9.753049e-01
3.700000e-01 3.884231e-01 -2.250404e+01 9.378086e-01 8.411709e-01
3.800000e-01 4.000596e-01 -2.271847e+01 9.468900e-01 7.223138e-01
3.900000e-01 4.118000e-01 -2.290438e+01 9.547425e-01 6.178451e-01
4.000000e-01 4.236489e-01 -2.306507e+01 9.615097e-01 5.266621e-01
4.100000e-01 4.356112e-01 -2.320356e+01 9.673244e-01 4.475527e-01
4.200000e-01 4.476920e-01 -2.332265e+01 9.723078e-01 3.792732e-01
4.300000e-01 4.598967e-01 -2.342482e+01 9.765689e-01 3.206047e-01
4.400000e-01 4.722308e-01 -2.351232e+01 9.802049e-01 2.703901e-01
4.500000e-01 4.847003e-01 -2.358712e+01 9.833019e-01 2.275565e-01
4.600000e-01 4.973113e-01 -2.365096e+01 9.859352e-01 1.911275e-01
4.700000e-01 5.100703e-01 -2.370536e+01 9.881708e-01 1.602267e-01
4.800000e-01 5.229843e-01 -2.375167e+01 9.900661e-01 1.340766e-01
4.900000e-01 5.360603e-01 -2.379102e+01 9.916705e-01 1.119940e-01
5.000000e-01 5.493061e-01 -2.382442e+01 9.930269e-01 9.338234e-02
5.100000e-01 5.627298e-01 -2.385273e+01 9.941720e-01 7.772467e-02
5.200000e-01 5.763397e-01 -2.387669e+01 9.951376e-01 6.457480e-02
5.300000e-01 5.901451e-01 -2.389695e+01 9.959505e-01 5.354945e-02
5.400000e-01 6.041556e-01 -2.391405e+01 9.966340e-01 4.432049e-02
5.500000e-01 6.183813e-01 -2.392847e+01 9.972079e-01 3.660782e-02
5.600000e-01 6.328332e-01 -2.394060e+01 9.976889e-01 3.017299e-02
5.700000e-01 6.475228e-01 -2.395079e+01 9.980914e-01 2.481340e-02
5.800000e-01 6.624627e-01 -2.395933e+01 9.984277e-01 2.035726e-02
5.900000e-01 6.776660e-01 -2.396648e+01 9.987082e-01 1.665912e-02
6.000000e-01 6.931472e-01 -2.397246e+01 9.989415e-01 1.359604e-02
6.100000e-01 7.089213e-01 -2.397743e+01 9.991353e-01 1.106424e-02
6.200000e-01 7.250051e-01 -2.398157e+01 9.992959e-01 8.976201e-03
6.300000e-01 7.414161e-01 -2.398500e+01 9.994286e-01 7.258235e-03
6.400000e-01 7.581737e-01 -2.398784e+01 9.995380e-01 5.848361e-03
6.500000e-01 7.752987e-01 -2.399018e+01 9.996279e-01 4.694507e-03
6.600000e-01 7.928136e-01 -2.399211e+01 9.997015e-01 3.752983e-03
6.700000e-01 8.107431e-01 -2.399368e+01 9.997617e-01 2.987180e-03
6.800000e-01 8.291140e-01 -2.399497e+01 9.998107e-01 2.366461e-03
6.900000e-01 8.479557e-01 -2.399601e+01 9.998503e-01 1.865229e-03
7.000000e-01 8.673005e-01 -2.399686e+01 9.998824e-01 1.462131e-03
7.100000e-01 8.871838e-01 -2.399754e+01 9.999081e-01 1.139387e-03
7.200000e-01 9.076449e-01 -2.399809e+01 9.999286e-01 8.822197e-04
7.300000e-01 9.287273e-01 -2.399852e+01 9.999450e-01 6.783759e-04
7.400000e-01 9.504793e-01 -2.399887e+01 9.999579e-01 5.177193e-04
7.500000e-01 9.729550e-01 -2.399914e+01 9.999681e-01 3.918873e-04
7.600000e-01 9.962150e-01 -2.399935e+01 9.999760e-01 2.940012e-04
7.700000e-01 1.020328e+00 -2.399952e+01 9.999821e-01 2.184219e-04
7.800000e-01 1.045371e+00 -2.399964e+01 9.999869e-01 1.605437e-04
7.900000e-01 1.071432e+00 -2.399974e+01 9.999904e-01 1.166204e-04
8.000000e-01 1.098612e+00 -2.399981e+01 9.999931e-01 8.361963e-05
8.100000e-01 1.127029e+00 -2.399987e+01 9.999951e-01 5.909905e-05
8.200000e-01 1.156817e+00 -2.399991e+01 9.999966e-01 4.110359e-05
8.300000e-01 1.188136e+00 -2.399994e+01 9.999977e-01 2.807846e-05
8.400000e-01 1.221173e+00 -2.399996e+01 9.999984e-01 1.879654e-05
8.500000e-01 1.256153e+00 -2.399997e+01 9.999990e-01 1.229764e-05
8.600000e-01 1.293345e+00 -2.399998e+01 9.999994e-01 7.837731e-06
8.700000e-01 1.333080e+00 -2.399999e+01 9.999996e-01 4.846820e-06
8.800000e-01 1.375768e+00 -2.399999e+01 9.999998e-01 2.893879e-06
8.900000e-01 1.421926e+00 -2.400000e+01 9.999999e-01 1.657911e-06
9.000000e-01 1.472219e+00 -2.400000e+01 9.999999e-01 9.041252e-07
9.100000e-01 1.527524e+00 -2.400000e+01 1.000000e+00 4.644227e-07
9.200000e-01 1.589027e+00 -2.400000e+01 1.000000e+00 2.215286e-07
9.300000e-01 1.658390e+00 -2.400000e+01 1.000000e+00 9.618481e-08
9.400000e-01 1.738049e+00 -2.400000e+01 1.000000e+00 3.691875e-08
9.500000e-01 1.831781e+00 -2.400000e+01 1.000000e+00 1.197214e-08
9.600000e-01 1.945910e+00 -2.400000e+01 1.000000e+00 3.040157e-09
9.700000e-01 2.092295e+00 -2.400000e+01 1.000000e+00 5.244516e-10
9.800000e-01 2.297559e+00 -2.400000e+01 1.000000e+00 4.470024e-11
9.900000e-01 2.646651e+00 -2.400000e+01 1.000000e+00 6.821210e-13
