0.000000e+00 0.000000e+00 0.000000e+00 2.500000e-01 1.000000e+00
1.000000e-02 1.000033e-02 -1.600480e-01 2.602030e-01 1.040779e+00
2.000000e-02 2.000267e-02 -3.203826e-01 2.708233e-01 1.083017e+00
3.000000e-02 3.000900e-02 -4.812855e-01 2.818771e-01 1.126540e+00
4.000000e-02 4.002135e-02 -6.430279e-01 2.933789e-01 1.171139e+00
5.000000e-02 5.004173e-02 -8.058655e-01 3.053412e-01 1.216564e+00
6.000000e-02 6.007215e-02 -9.700339e-01 3.177741e-01 1.262529e+00
7.000000e-02 7.011467e-02 -1.135743e+00 3.306850e-01 1.308710e+00
8.000000e-02 8.017132e-02 -1.303174e+00 3.440780e-01 1.354749e+00
9.000000e-02 9.024419e-02 -1.472473e+00 3.579541e-01 1.400253e+00
1.000000e-01 1.003353e-01 -1.643749e+00 3.723101e-01 1.444800e+00
1.100000e-01 1.104469e-01 -1.817067e+00 3.871389e-01 1.487943e+00
1.200000e-01 1.205810e-01 -1.992450e+00 4.024289e-01 1.529214e+00
1.300000e-01 1.307398e-01 -2.169873e+00 4.181638e-01 1.568136e+00
1.400000e-01 1.409256e-01 -2.349260e+00 4.343229e-01 1.604222e+00
1.500000e-01 1.511404e-01 -2.530489e+00 4.508803e-01 1.636994e+00
1.600000e-01 1.613867e-01 -2.713384e+00 4.678054e-01 1.665983e+00
1.700000e-01 1.716667e-01 -2.897721e+00 4.850628e-01 1.690747e+00
1.800000e-01 1.819827e-01 -3.083229e+00 5.026126e-01 1.710874e+00
1.900000e-01 1.923372e-01 -3.269592e+00 5.204106e-01 1.725999e+00
2.000000e-01 2.027325e-01 -3.456452e+00 5.384088e-01 1.735809e+00
2.100000e-01 2.131713e-01 -3.643414e+00 5.565557e-01 1.740052e+00
2.200000e-01 2.236561e-01 -3.830053e+00 5.747969e-01 1.738547e+00
2.300000e-01 2.341895e-01 -4.015918e+00 5.930760e-01 1.731188e+00
2.400000e-01 2.447741e-01 -4.200541e+00 6.113350e-01 1.717948e+00
2.500000e-01 2.554128e-01 -4.383441e+00 6.295154e-01 1.698880e+00
2.600000e-01 2.661084e-01 -4.564137e+00 6.475584e-01 1.674122e+00
2.700000e-01 2.768638e-01 -4.742147e+00 6.654063e-01 1.643884e+00
2.800000e-01 2.876821e-01 -4.917004e+00 6.830029e-01 1.608456e+00
2.900000e-01 2.985663e-01 -5.088259e+00 7.002945e-01 1.568190e+00
3.000000e-01 3.095196e-01 -5.255486e+00 7.172303e-01 1.523498e+00
3.100000e-01 3.205454e-01 -5.418292e+00 7.337629e-01 1.474840e+00
3.200000e-01 3.316471e-01 -5.576318e+00 7.498494e-01 1.422715e+00
3.300000e-01 3.428282e-01 -5.729244e+00 7.654513e-01 1.367648e+00
3.400000e-01 3.540925e-01 -5.876794e+00 7.805348e-01 1.310177e+00
3.500000e-01 3.654437e-01 -6.018736e+00 7.950712e-01 1.250846e+00
3.600000e-01 3.768859e-01 -6.154885e+00 8.090371e-01 1.190193e+00
3.700000e-01 3.884231e-01 -6.285101e+00 8.224141e-01 1.128739e+00
3.800000e-01 4.000596e-01 -6.409288e+00 8.351890e-01 1.066978e+00
3.900000e-01 4.118000e-01 -6.527397e+00 8.473532e-01 1.005378e+00
4.000000e-01 4.236489e-01 -6.639417e+00 8.589030e-01 9.443669e-01
4.100000e-01 4.356112e-01 -6.745378e+00 8.698390e-01 8.843310e-01
4.200000e-01 4.476920e-01 -6.845345e+00 8.801656e-01 8.256145e-01
4.300000e-01 4.598967e-01 -6.939415e+00 8.898912e-01 7.685159e-01
4.400000e-01 4.722308e-01 -7.027716e+00 8.990269e-01 7.132886e-01
4.500000e-01 4.847003e-01 -7.110397e+00 9.075870e-01 6.601413e-01
4.600000e-01 4.973113e-01 -7.187631e+00 9.155880e-01 6.092401e-01
4.700000e-01 5.100703e-01 -7.259608e+00 9.230486e-01 5.607106e-01
4.800000e-01 5.229843e-01 -7.326531e+00 9.299888e-01 5.146411e-01
4.900000e-01 5.360603e-01 -7.388616e+00 9.364302e-01 4.710854e-01
5.000000e-01 5.493061e-01 -7.446084e+00 9.423950e-01 4.300667e-01
5.100000e-01 5.627298e-01 -7.499163e+00 9.479063e-01 3.915810e-01
5.200000e-01 5.763397e-01 -7.548083e+00 9.529875e-01 3.556007e-01
5.300000e-01 5.901451e-01 -7.593073e+00 9.576620e-01 3.220779e-01
5.400000e-01 6.041556e-01 -7.634362e+00 9.619531e-01 2.909479e-01
5.500000e-01 6.183813e-01 -7.672175e+00 9.658838e-01 2.621325e-01
5.600000e-01 6.328332e-01 -7.706731e+00 9.694769e-01 2.355424e-01
5.700000e-01 6.475228e-01 -7.738244e+00 9.727542e-01 2.110799e-01
5.800000e-01 6.624627e-01 -7.766922e+00 9.757371e-01 1.886414e-01
5.900000e-01 6.776660e-01 -7.792963e+00 9.784463e-01 1.681196e-01
6.000000e-01 6.931472e-01 -7.816558e+00 9.809014e-01 1.494046e-01
6.100000e-01 7.089213e-01 -7.837890e+00 9.831213e-01 1.323861e-01
6.200000e-01 7.250051e-01 -7.857133e+00 9.851240e-01 1.169545e-01
6.300000e-01 7.414161e-01 -7.874450e+00 9.869265e-01 1.030018e-01
6.400000e-01 7.581737e-01 -7.889998e+00 9.885450e-01 9.042256e-02
6.500000e-01 7.752987e-01 -7.903922e+00 9.899945e-01 7.911471e-02
6.600000e-01 7.928136e-01 -7.916360e+00 9.912895e-01 6.897997e-02
6.700000e-01 8.107431e-01 -7.927440e+00 9.924432e-01 5.992430e-02
6.800000e-01 8.291140e-01 -7.937284e+00 9.934682e-01 5.185815e-02
6.900000e-01 8.479557e-01 -7.946004e+00 9.943762e-01 4.469670e-02
7.000000e-01 8.673005e-01 -7.953703e+00 9.951780e-01 3.835991e-02
7.100000e-01 8.871838e-01 -7.960480e+00 9.958838e-01 3.277257e-02
7.200000e-01 9.076449e-01 -7.966424e+00 9.965028e-01 2.786427e-02
7.300000e-01 9.287273e-01 -7.971617e+00 9.970437e-01 2.356932e-02
7.400000e-01 9.504793e-01 -7.976138e+00 9.975145e-01 1.982662e-02
7.500000e-01 9.729550e-01 -7.980055e+00 9.979226e-01 1.657953e-02
7.600000e-01 9.962150e-01 -7.983435e+00 9.982746e-01 1.377572e-02
7.700000e-01 1.020328e+00 -7.986337e+00 9.985768e-01 1.136693e-02
7.800000e-01 1.045371e+00 -7.988814e+00 9.988348e-01 9.308851e-03
7.900000e-01 1.071432e+00 -7.990917e+00 9.990539e-01 7.560863e-03
8.000000e-01 1.098612e+00 -7.992690e+00 9.992386e-01 6.085869e-03
8.100000e-01 1.127029e+00 -7.994176e+00 9.993933e-01 4.850079e-03
8.200000e-01 1.156817e+00 -7.995410e+00 9.995219e-01 3.822811e-03
8.300000e-01 1.188136e+00 -7.996427e+00 9.996278e-01 2.976298e-03
8.400000e-01 1.221173e+00 -7.997256e+00 9.997142e-01 2.285498e-03
8.500000e-01 1.256153e+00 -7.997926e+00 9.997840e-01 1.727908e-03
8.600000e-01 1.293345e+00 -7.998460e+00 9.998395e-01 1.283391e-03
8.700000e-01 1.333080e+00 -7.998879e+00 9.998832e-01 9.340058e-04
8.800000e-01 1.375768e+00 -7.999203e+00 9.999170e-01 6.638505e-04
8.900000e-01 1.421926e+00 -7.999449e+00 9.999426e-01 4.589084e-04
9.000000e-01 1.472219e+00 -7.999632e+00 9.999616e-01 3.069074e-04
9.100000e-01 1.527524e+00 -7.999763e+00 9.999754e-01 1.971842e-04
9.200000e-01 1.589027e+00 -7.999855e+00 9.999849e-01 1.205592e-04
9.300000e-01 1.658390e+00 -7.999917e+00 9.999913e-01 6.921731e-05
9.400000e-01 1.738049e+00 -7.999956e+00 9.999954e-01 3.659773e-05
9.500000e-01 1.831781e+00 -7.999979e+00 9.999978e-01 1.729020e-05
9.600000e-01 1.945910e+00 -7.999992e+00 9.999991e-01 6.938662e-06
9.700000e-01 2.092295e+00 -7.999997e+00 9.999997e-01 2.151202e-06
9.800000e-01 2.297559e+00 -8.000000e+00 9.999999e-01 4.164099e-07
9.900000e-01 2.646651e+00 -8.000000e+00 1.000000e+00 2.550654e-08
