0.000000e+00 0.000000e+00 0.000000e+00 1.111111e-01 4.444444e-01
1.000000e-02 1.000033e-02 -1.818376e-01 1.156925e-01 4.721651e-01
2.000000e-02 2.000267e-02 -3.675149e-01 1.205632e-01 5.021256e-01
3.000000e-02 3.000900e-02 -5.573107e-01 1.257476e-01 5.345353e-01
4.000000e-02 4.002135e-02 -7.515501e-01 1.312729e-01 5.696179e-01
5.000000e-02 5.004173e-02 -9.506082e-01 1.371686e-01 6.076109e-01
6.000000e-02 6.007215e-02 -1.154913e+00 1.434668e-01 6.487633e-01
7.000000e-02 7.011467e-02 -1.364949e+00 1.502029e-01 6.933328e-01
8.000000e-02 8.017132e-02 -1.581258e+00 1.574150e-01 7.415819e-01
9.000000e-02 9.024419e-02 -1.804444e+00 1.651444e-01 7.937716e-01
1.000000e-01 1.003353e-01 -2.035170e+00 1.734354e-01 8.501539e-01
1.100000e-01 1.104469e-01 -2.274160e+00 1.823355e-01 9.109614e-01
1.200000e-01 1.205810e-01 -2.522193e+00 1.918950e-01 9.763947e-01
1.300000e-01 1.307398e-01 -2.780100e+00 2.021667e-01 1.046606e+00
1.400000e-01 1.409256e-01 -3.048757e+00 2.132055e-01 1.121682e+00
1.500000e-01 1.511404e-01 -3.329068e+00 2.250677e-01 1.201619e+00
1.600000e-01 1.613867e-01 -3.621953e+00 2.378099e-01 1.286299e+00
1.700000e-01 1.716667e-01 -3.928326e+00 2.514879e-01 1.375462e+00
1.800000e-01 1.819827e-01 -4.249066e+00 2.661550e-01 1.468676e+00
1.900000e-01 1.923372e-01 -4.584989e+00 2.818604e-01 1.565307e+00
2.000000e-01 2.027325e-01 -4.936805e+00 2.986465e-01 1.664494e+00
2.100000e-01 2.131713e-01 -5.305078e+00 3.165467e-01 1.765126e+00
2.200000e-01 2.236561e-01 -5.690177e+00 3.355826e-01 1.865828e+00
2.300000e-01 2.341895e-01 -6.092224e+00 3.557607e-01 1.964961e+00
2.400000e-01 2.447741e-01 -6.511046e+00 3.770698e-01 2.060638e+00
2.500000e-01 2.554128e-01 -6.946125e+00 3.994780e-01 2.150764e+00
2.600000e-01 2.661084e-01 -7.396558e+00 4.229304e-01 2.233090e+00
2.700000e-01 2.768638e-01 -7.861023e+00 4.473470e-01 2.305297e+00
2.800000e-01 2.876821e-01 -8.337771e+00 4.726223e-01 2.365103e+00
2.900000e-01 2.985663e-01 -8.824625e+00 4.986252e-01 2.410380e+00
3.000000e-01 3.095196e-01 -9.319005e+00 5.252011e-01 2.439281e+00
3.100000e-01 3.205454e-01 -9.817987e+00 5.521742e-01 2.450363e+00
3.200000e-01 3.316471e-01 -1.031837e+01 5.793524e-01 2.442697e+00
3.300000e-01 3.428282e-01 -1.081675e+01 6.065325e-01 2.415946e+00
3.400000e-01 3.540925e-01 -1.130969e+01 6.335069e-01 2.370406e+00
3.500000e-01 3.654437e-01 -1.179375e+01 6.600699e-01 2.307006e+00
3.600000e-01 3.768859e-01 -1.226565e+01 6.860248e-01 2.227254e+00
3.700000e-01 3.884231e-01 -1.272239e+01 7.111902e-01 2.133159e+00
3.800000e-01 4.000596e-01 -1.316129e+01 7.354052e-01 2.027099e+00
3.900000e-01 4.118000e-01 -1.358012e+01 7.585335e-01 1.911694e+00
4.000000e-01 4.236489e-01 -1.397708e+01 7.804660e-01 1.789655e+00
4.100000e-01 4.356112e-01 -1.435087e+01 8.011222e-01 1.663654e+00
4.200000e-01 4.476920e-01 -1.470067e+01 8.204496e-01 1.536204e+00
4.300000e-01 4.598967e-01 -1.502609e+01 8.384225e-01 1.409572e+00
4.400000e-01 4.722308e-01 -1.532719e+01 8.550393e-01 1.285714e+00
4.500000e-01 4.847003e-01 -1.560434e+01 8.703200e-01 1.166240e+00
4.600000e-01 4.973113e-01 -1.585825e+01 8.843018e-01 1.052411e+00
4.700000e-01 5.100703e-01 -1.608985e+01 8.970366e-01 9.451473e-01
4.800000e-01 5.229843e-01 -1.630025e+01 9.085866e-01 8.450573e-01
4.900000e-01 5.360603e-01 -1.649070e+01 9.190218e-01 7.524761e-01
5.000000e-01 5.493061e-01 -1.666252e+01 9.284166e-01 6.675073e-01
5.100000e-01 5.627298e-01 -1.681705e+01 9.368477e-01 5.900674e-01
5.200000e-01 5.763397e-01 -1.695566e+01 9.443920e-01 5.199275e-01
5.300000e-01 5.901451e-01 -1.707967e+01 9.511249e-01 4.567515e-01
5.400000e-01 6.041556e-01 -1.719037e+01 9.571191e-01 4.001299e-01
5.500000e-01 6.183813e-01 -1.728898e+01 9.624440e-01 3.496073e-01
5.600000e-01 6.328332e-01 -1.737666e+01 9.671647e-01 3.047057e-01
5.700000e-01 6.475228e-01 -1.745446e+01 9.713418e-01 2.649418e-01
5.800000e-01 6.624627e-01 -1.752340e+01 9.750316e-01 2.298409e-01
5.900000e-01 6.776660e-01 -1.758438e+01 9.782853e-01 1.989463e-01
6.000000e-01 6.931472e-01 -1.763823e+01 9.811501e-01 1.718264e-01
6.100000e-01 7.089213e-01 -1.768572e+01 9.836684e-01 1.480780e-01
6.200000e-01 7.250051e-01 -1.772754e+01 9.858789e-01 1.273295e-01
6.300000e-01 7.414161e-01 -1.776431e+01 9.878161e-01 1.092407e-01
6.400000e-01 7.581737e-01 -1.779659e+01 9.895113e-01 9.350294e-02
6.500000e-01 7.752987e-01 -1.782487e+01 9.909923e-01 7.983791e-02
6.600000e-01 7.928136e-01 -1.784962e+01 9.922841e-01 6.799584e-02
6.700000e-01 8.107431e-01 -1.787124e+01 9.934088e-01 5.775371e-02
6.800000e-01 8.291140e-01 -1.789008e+01 9.943863e-01 4.891306e-02
6.900000e-01 8.479557e-01 -1.790647e+01 9.952340e-01 4.129792e-02
7.000000e-01 8.673005e-01 -1.792070e+01 9.959677e-01 3.475263e-02
7.100000e-01 8.871838e-01 -1.793302e+01 9.966012e-01 2.913982e-02
7.200000e-01 9.076449e-01 -1.794366e+01 9.971468e-01 2.433853e-02
7.300000e-01 9.287273e-01 -1.795282e+01 9.976154e-01 2.024237e-02
7.400000e-01 9.504793e-01 -1.796069e+01 9.980165e-01 1.675794e-02
7.500000e-01 9.729550e-01 -1.796741e+01 9.983589e-01 1.380331e-02
7.600000e-01 9.962150e-01 -1.797315e+01 9.986499e-01 1.130673e-02
7.700000e-01 1.020328e+00 -1.797801e+01 9.988963e-01 9.205349e-03
7.800000e-01 1.045371e+00 -1.798212e+01 9.991040e-01 7.444235e-03
7.900000e-01 1.071432e+00 -1.798558e+01 9.992781e-01 5.975370e-03
8.000000e-01 1.098612e+00 -1.798846e+01 9.994234e-01 4.756827e-03
8.100000e-01 1.127029e+00 -1.799086e+01 9.995437e-01 3.752029e-03
8.200000e-01 1.156817e+00 -1.799283e+01 9.996427e-01 2.929097e-03
8.300000e-01 1.188136e+00 -1.799445e+01 9.997235e-01 2.260276e-03
8.400000e-01 1.221173e+00 -1.799576e+01 9.997888e-01 1.721433e-03
8.500000e-01 1.256153e+00 -1.799680e+01 9.998412e-01 1.291619e-03
8.600000e-01 1.293345e+00 -1.799764e+01 9.998826e-01 9.526819e-04
8.700000e-01 1.333080e+00 -1.799829e+01 9.999149e-01 6.889294e-04
8.800000e-01 1.375768e+00 -1.799879e+01 9.999398e-01 4.868368e-04
8.900000e-01 1.421926e+00 -1.799916e+01 9.999585e-01 3.347883e-04
9.000000e-01 1.472219e+00 -1.799944e+01 9.999723e-01 2.228522e-04
9.100000e-01 1.527524e+00 -1.799964e+01 9.999823e-01 1.425850e-04
9.200000e-01 1.589027e+00 -1.799978e+01 9.999892e-01 8.685851e-05
9.300000e-01 1.658390e+00 -1.799987e+01 9.999938e-01 4.971053e-05
9.400000e-01 1.738049e+00 -1.799993e+01 9.999967e-01 2.621279e-05
9.500000e-01 1.831781e+00 -1.799997e+01 9.999985e-01 1.235612e-05
9.600000e-01 1.945910e+00 -1.799999e+01 9.999994e-01 4.949610e-06
9.700000e-01 2.092295e+00 -1.800000e+01 9.999998e-01 1.532407e-06
9.800000e-01 2.297559e+00 -1.800000e+01 1.000000e+00 2.963405e-07
9.900000e-01 2.646651e+00 -1.800000e+01 1.000000e+00 1.814142e-08
